1,1,206.83,241.52,103.42999999999998,57.809999999999974,1,1,0.0
1,2,117.72,328.5,142.17999999999998,66.80000000000001,1,1,1.0
1,3,732.44,260.08,73.19999999999993,48.25999999999999,1,1,1.0
2,1,206.83,241.52,103.42999999999998,57.809999999999974,1,1,0.0
2,2,93.86,333.27,142.17000000000002,66.80000000000001,1,1,1.0
2,3,717.59,261.14,73.19999999999993,48.27000000000004,1,1,1.0
3,1,206.83,241.52,103.42999999999998,57.809999999999974,1,1,0.0
3,2,69.99,336.46,146.91000000000003,66.80000000000001,1,1,1.0
3,3,705.39,266.45,79.40999999999997,48.25999999999999,1,1,1.0
4,1,206.83,241.52,103.42999999999998,57.809999999999974,1,1,0.0
4,2,47.18,341.23,146.91,66.79999999999995,1,1,1.0
4,3,691.27,266.73,79.40999999999997,48.25999999999999,1,1,1.0
5,1,206.83,241.52,103.42999999999998,57.809999999999974,1,1,0.0
5,2,22.79,344.41,146.91,66.79999999999995,1,1,1.0
5,3,677.01,266.73,79.40999999999997,48.25999999999999,1,1,1.0
6,1,206.83,241.52,103.42999999999998,57.809999999999974,1,1,0.0
6,2,0.0,344.41,147.4,71.08999999999997,1,1,1.0
6,3,662.89,270.68,79.40999999999997,48.26999999999998,1,1,1.0
7,1,206.83,241.52,103.42999999999998,57.809999999999974,1,1,0.0
7,2,0.0,349.72,130.4,71.07999999999998,1,1,1.0
7,3,649.62,273.51,79.39999999999998,48.25999999999999,1,1,1.0
8,1,206.83,241.52,103.42999999999998,57.809999999999974,1,1,0.0
8,2,0.0,353.96,102.8,71.09000000000003,1,1,1.0
8,3,635.63,276.53,79.39999999999998,48.26000000000005,1,1,1.0
9,1,206.83,241.52,103.42999999999998,57.809999999999974,1,1,0.0
9,2,0.0,355.55,82.11,71.08999999999997,1,1,1.0
9,3,618.62,276.53,88.42999999999995,48.26000000000005,1,1,1.0
10,1,206.83,241.52,103.42999999999998,57.809999999999974,1,1,0.0
10,2,0.0,359.26,56.66,71.09000000000003,1,1,1.0
10,3,600.85,278.61,88.42999999999995,48.25999999999999,1,1,1.0
11,1,206.83,241.52,103.42999999999998,57.809999999999974,1,1,1.0
11,2,0.0,364.57,37.56,71.07999999999998,1,1,1.0
11,3,587.24,281.82,88.42999999999995,48.26999999999998,1,1,1.0
12,1,206.75,241.44,103.43,57.81,1,1,1.0
12,3,573.06,284.85,88.44000000000005,48.25999999999999,1,1,0.0
13,1,206.68,241.36,103.42000000000002,57.81999999999999,1,1,1.0
13,3,557.37,285.98,88.43999999999994,48.26999999999998,1,1,0.0
14,1,206.6,241.29,103.42999999999998,57.81000000000003,1,1,1.0
14,3,541.12,287.69,94.67999999999995,48.25999999999999,1,1,0.0
15,1,206.53,241.21,103.41999999999999,57.809999999999974,1,1,1.0
15,3,524.43,290.91,94.68000000000006,48.25999999999999,1,1,0.0
16,1,206.45,241.14,103.43,57.81,1,1,1.0
16,3,509.2,294.42,94.68,48.26999999999998,1,1,0.0
17,1,206.38,241.06,103.42000000000002,57.81,1,1,1.0
17,3,488.12,298.23,99.38,50.870000000000005,1,1,0.0
18,1,206.3,240.99,103.43,57.81,1,1,1.0
18,3,470.26,299.69,103.74000000000001,52.00999999999999,1,1,0.0
19,1,206.22,240.91,103.42999999999998,57.81000000000003,1,1,1.0
19,3,455.32,299.1,100.78000000000003,53.799999999999955,1,1,0.0
20,1,206.15,240.83,103.41999999999999,57.819999999999965,1,1,1.0
20,3,437.46,302.91,103.14000000000004,55.889999999999986,1,1,0.0
21,1,206.07,240.76,103.43,57.81,1,1,1.0
21,3,421.36,303.5,104.03999999999996,58.5,1,1,1.0
22,1,206.0,240.68,103.42000000000002,57.81,1,1,1.0
22,3,405.55,309.06,104.03999999999996,58.5,1,1,1.0
23,1,205.92,240.61,103.43000000000004,57.81,1,1,1.0
23,3,385.6,311.99,105.53999999999996,58.5,1,1,1.0
24,1,205.85,240.53,103.41999999999999,57.809999999999974,1,1,1.0
24,3,366.28,314.62,110.52000000000004,58.50999999999999,1,1,1.0
25,1,205.77,240.46,103.41999999999999,57.809999999999974,1,1,1.0
25,3,348.71,318.14,110.52000000000004,58.5,1,1,1.0
26,1,205.77,240.46,103.41999999999999,57.809999999999974,1,1,1.0
26,3,326.45,323.12,115.25,58.5,1,1,1.0
27,1,205.77,240.46,103.41999999999999,57.809999999999974,1,1,1.0
27,3,307.13,326.34,115.25,58.5,1,1,1.0
28,1,205.77,240.46,103.41999999999999,57.809999999999974,1,1,1.0
28,3,287.8,329.56,115.25,58.5,1,1,1.0
29,1,205.77,240.46,103.41999999999999,57.809999999999974,1,1,1.0
29,3,264.09,333.1,119.61000000000001,60.81999999999999,1,1,1.0
30,1,205.77,240.46,103.41999999999999,57.809999999999974,1,1,1.0
30,3,244.18,335.7,124.62,63.49000000000001,1,1,1.0
31,1,205.77,240.46,103.41999999999999,57.809999999999974,1,1,1.0
31,3,220.17,338.0,129.63000000000002,66.75,1,1,1.0
32,1,205.77,240.46,103.41999999999999,57.809999999999974,1,1,1.0
32,3,197.91,342.7,130.79,66.74000000000001,1,1,1.0
33,1,205.77,240.46,103.41999999999999,57.809999999999974,1,1,1.0
33,3,173.32,346.2,138.38,70.25999999999999,1,1,1.0
34,1,205.77,240.46,103.41999999999999,57.809999999999974,1,1,1.0
34,3,144.62,349.1,148.38,74.38999999999999,1,1,1.0
35,1,205.77,240.46,103.41999999999999,57.809999999999974,1,1,1.0
35,3,123.54,355.25,148.38,74.38999999999999,1,1,1.0
36,1,205.77,240.46,103.41999999999999,57.809999999999974,1,1,1.0
36,3,100.12,358.5,150.07999999999998,72.31,1,1,1.0
37,1,205.77,240.46,103.41999999999999,57.809999999999974,1,1,1.0
37,3,74.64,363.19,150.08999999999997,72.31,1,1,1.0
38,1,205.77,240.46,103.41999999999999,57.809999999999974,1,1,1.0
38,3,45.36,365.23,153.64,74.37,1,1,1.0
39,1,205.77,240.46,103.41999999999999,57.809999999999974,1,1,1.0
39,3,17.54,371.38,158.06,77.32,1,1,1.0
40,1,205.77,240.46,103.41999999999999,57.809999999999974,1,1,1.0
40,3,0.0,375.77,158.03,77.32,1,1,1.0
41,1,205.77,240.46,103.41999999999999,57.809999999999974,1,1,1.0
41,3,0.0,379.29,132.26,77.31,1,1,1.0
42,1,205.77,240.46,103.41999999999999,57.809999999999974,1,1,1.0
42,3,0.0,380.16,103.86,77.32,1,1,1.0
43,1,205.77,240.46,103.41999999999999,57.809999999999974,1,1,1.0
43,3,0.0,390.41,82.2,77.32,1,1,1.0
44,1,205.77,240.46,103.41999999999999,57.809999999999974,1,1,1.0
44,3,0.0,388.37,53.5,77.31,1,1,1.0
45,1,205.77,240.46,103.41999999999999,57.809999999999974,1,1,1.0
45,3,0.0,392.76,34.47,77.31,1,1,1.0
46,1,205.77,240.46,103.41999999999999,57.809999999999974,1,1,1.0
47,1,205.77,240.46,103.41999999999999,57.809999999999974,1,1,1.0
48,1,205.77,240.46,103.41999999999999,57.809999999999974,1,1,1.0
49,1,205.77,240.46,103.41999999999999,57.809999999999974,1,1,1.0
50,1,205.77,240.46,103.41999999999999,57.809999999999974,1,1,1.0
51,1,205.77,240.46,103.41999999999999,57.809999999999974,1,1,1.0
52,1,205.77,240.46,103.41999999999999,57.809999999999974,1,1,1.0
52,4,945.12,225.41,14.879999999999995,58.95000000000002,1,1,1.0
53,1,205.77,240.46,103.41999999999999,57.809999999999974,1,1,1.0
53,4,937.3,225.41,22.700000000000045,58.95000000000002,1,1,1.0
54,1,205.77,240.46,103.41999999999999,57.809999999999974,1,1,1.0
54,4,934.54,227.79,25.460000000000036,58.940000000000026,1,1,1.0
55,1,205.77,240.46,103.41999999999999,57.809999999999974,1,1,1.0
55,4,931.47,227.79,28.529999999999973,58.940000000000026,1,1,1.0
56,1,205.77,240.46,103.41999999999999,57.809999999999974,1,1,1.0
56,4,928.4,227.79,31.600000000000023,58.940000000000026,1,1,1.0
57,1,205.77,240.46,103.41999999999999,57.809999999999974,1,1,1.0
57,4,922.64,224.7,37.360000000000014,64.07,1,1,1.0
58,1,205.77,240.46,103.41999999999999,57.809999999999974,1,1,1.0
58,4,917.6,224.7,42.39999999999998,65.10000000000002,1,1,1.0
59,1,205.77,240.46,103.41999999999999,57.809999999999974,1,1,1.0
59,4,914.5,224.7,45.5,71.90000000000003,1,1,1.0
60,1,205.77,240.46,103.41999999999999,57.809999999999974,1,1,1.0
60,4,904.0,224.7,56.0,76.60000000000002,1,1,1.0
61,1,205.77,240.46,103.41999999999999,57.809999999999974,1,1,1.0
61,4,903.3,224.7,56.700000000000045,73.60000000000002,1,1,1.0
62,1,205.77,240.46,103.41999999999999,57.809999999999974,1,1,1.0
62,4,899.9,224.7,60.10000000000002,76.30000000000001,1,1,1.0
63,1,205.77,240.46,103.41999999999999,57.809999999999974,1,1,1.0
63,4,890.1,224.7,69.89999999999998,79.69999999999999,1,1,1.0
64,1,205.77,240.46,103.41999999999999,57.809999999999974,1,1,1.0
64,4,881.3,224.7,78.70000000000005,82.10000000000002,1,1,1.0
65,1,205.77,240.46,103.41999999999999,57.809999999999974,1,1,1.0
65,4,877.2,224.7,82.79999999999995,83.80000000000001,1,1,1.0
66,1,205.77,240.46,103.41999999999999,57.809999999999974,1,1,1.0
66,4,872.1,224.7,87.89999999999998,85.19999999999999,1,1,1.0
67,1,205.77,240.46,103.41999999999999,57.809999999999974,1,1,1.0
67,4,866.7,225.04,93.29999999999995,85.85999999999999,1,1,1.0
68,1,205.77,240.46,103.41999999999999,57.809999999999974,1,1,1.0
68,4,862.3,225.04,97.70000000000005,85.85999999999999,1,1,1.0
69,1,205.77,240.46,103.41999999999999,57.809999999999974,1,1,1.0
69,4,855.2,225.04,104.79999999999995,87.85999999999999,1,1,1.0
70,1,205.77,240.46,103.41999999999999,57.809999999999974,1,1,1.0
70,4,852.8,225.04,107.20000000000005,89.56000000000003,1,1,1.0
71,1,205.77,240.46,103.41999999999999,57.809999999999974,1,1,1.0
71,4,841.6,225.04,118.39999999999998,91.56000000000003,1,1,1.0
72,1,205.77,240.46,103.41999999999999,57.809999999999974,1,1,1.0
72,4,833.8,225.04,126.20000000000005,93.66,1,1,1.0
73,1,205.77,240.46,103.41999999999999,57.809999999999974,1,1,1.0
73,4,826.69,222.7,133.30999999999995,95.32,1,1,1.0
74,1,205.77,240.46,103.41999999999999,57.809999999999974,1,1,1.0
74,4,820.6,222.7,139.39999999999998,98.69999999999999,1,1,1.0
75,1,205.77,240.46,103.41999999999999,57.809999999999974,1,1,1.0
75,4,810.4,222.7,149.60000000000002,97.69999999999999,1,1,1.0
76,1,205.77,240.46,103.41999999999999,57.809999999999974,1,1,1.0
76,4,803.3,222.7,156.70000000000005,98.69999999999999,1,1,1.0
77,1,205.77,240.46,103.41999999999999,57.809999999999974,1,1,1.0
77,4,798.58,231.51,161.41999999999996,97.99000000000001,1,1,1.0
78,1,205.77,240.46,103.41999999999999,57.809999999999974,1,1,1.0
78,4,786.0,229.81,174.0,95.99000000000001,1,1,1.0
78,5,771.02,242.82,30.149999999999977,46.079999999999984,1,1,0.0
79,1,205.77,240.46,103.41999999999999,57.809999999999974,1,1,1.0
79,4,780.96,233.2,178.69999999999993,102.09000000000003,1,1,1.0
79,5,764.69,246.91,43.02,40.04,1,1,0.0
80,1,205.77,240.46,103.41999999999999,57.809999999999974,1,1,1.0
80,4,774.18,232.18,176.38,97.64999999999998,1,1,1.0
80,5,755.69,247.16,47.93,40.29,1,1,0.0
81,1,205.77,240.46,103.41999999999999,57.809999999999974,1,1,1.0
81,4,764.4,236.25,180.06000000000006,99.35000000000002,1,1,1.0
81,5,750.06,247.23,46.370000000000005,46.07000000000002,1,1,0.0
82,1,205.77,240.46,103.41999999999999,57.809999999999974,1,1,1.0
82,4,756.64,237.27,182.06000000000006,98.65,1,1,1.0
82,5,734.47,249.26,46.370000000000005,46.079999999999984,1,1,0.0
83,1,205.77,240.46,103.41999999999999,57.809999999999974,1,1,1.0
83,4,744.1,236.25,187.49,101.35000000000002,1,1,1.0
83,5,723.23,254.57,46.39,40.30,1,1,0.0
84,1,205.77,240.46,103.41999999999999,57.809999999999974,1,1,1.0
84,4,739.36,239.3,187.49,101.34999999999997,1,1,1.0
84,5,712.11,253.33,46.370000000000005,46.08000000000001,1,1,0.0
85,1,205.77,240.46,103.41999999999999,57.809999999999974,1,1,1.0
85,4,729.55,239.97,190.18000000000006,100.65,1,1,1.0
85,5,702.29,255.36,46.370000000000005,46.079999999999984,1,1,0.0
86,1,205.77,240.46,103.41999999999999,57.809999999999974,1,1,1.0
86,4,717.0,239.97,202.73000000000002,104.03,1,1,1.0
86,5,694.5,255.7,46.370000000000005,46.079999999999984,1,1,0.0
87,1,205.77,240.46,103.41999999999999,57.809999999999974,1,1,1.0
87,4,706.07,240.6,207.02999999999997,109.46000000000001,1,1,1.0
87,5,683.32,256.38,46.370000000000005,46.079999999999984,1,1,0.0
88,1,205.77,240.46,103.41999999999999,57.809999999999974,1,1,1.0
88,4,699.39,241.81,207.02999999999997,109.45999999999998,1,1,1.0
88,5,668.07,256.38,46.370000000000005,46.079999999999984,1,1,0.0
89,1,205.77,240.46,103.41999999999999,57.809999999999974,1,1,1.0
89,4,687.86,241.81,207.02999999999997,109.45999999999998,1,1,1.0
89,5,657.23,257.74,46.370000000000005,46.06999999999999,1,1,0.0
90,1,205.77,240.46,103.41999999999999,57.809999999999974,1,1,1.0
90,4,680.57,243.03,207.02999999999997,109.46000000000001,1,1,1.0
90,5,645.35,255.78,64.66,44.68,1,1,0.0
91,1,205.77,240.46,103.41999999999999,57.809999999999974,1,1,1.0
91,4,675.7,238.78,203.39999999999998,116.11999999999998,1,1,1.0
91,5,635.85,256.77,64.79,44.04,1,1,0.0
92,1,205.77,240.46,103.41999999999999,57.809999999999974,1,1,1.0
92,4,665.41,236.35,206.39999999999998,119.73999999999998,1,1,1.0
92,5,624.92,258.08,66.07,44.04,1,1,0.0
93,1,205.77,240.46,103.41999999999999,57.809999999999974,1,1,0.0
93,4,652.7,238.17,213.64999999999998,125.22999999999999,1,1,1.0
93,5,606.87,258.92,67.35,44.04,1,1,0.0
94,1,205.77,240.46,103.41999999999999,57.809999999999974,1,1,0.0
94,4,636.3,238.17,225.80000000000007,127.63000000000002,1,1,1.0
94,5,595.10,258.85,68.25,44.17,1,1,0.0
95,1,205.77,240.46,103.41999999999999,57.809999999999974,1,1,0.0
95,4,629.01,238.78,225.79999999999995,127.63000000000002,1,1,1.0
95,5,590.49,255.69,68.36000000000001,51.50999999999999,1,1,0.0
96,1,205.77,240.46,103.41999999999999,57.809999999999974,1,1,0.0
96,4,614.44,240.6,225.79999999999995,127.63000000000002,1,1,1.0
96,5,576.26,256.36,68.36000000000001,51.50999999999999,1,1,0.0
97,1,205.77,240.46,103.41999999999999,57.809999999999974,1,1,0.0
97,4,609.58,243.03,225.79999999999995,127.63000000000002,1,1,1.0
97,5,561.54,258.61,91.18,45.76,1,1,0.0
98,1,205.79,240.35,103.41999999999999,57.81000000000003,1,1,0.0
98,4,595.0,246.67,230.66999999999996,130.63000000000002,1,1,1.0
98,5,548.47,260.28,92.21,46.15,1,1,0.0
99,1,205.8,240.25,103.43,57.81,1,1,0.0
99,4,589.54,247.88,230.67000000000007,130.63,1,1,1.0
99,5,535.21,257.73,98.19999999999993,52.51999999999998,1,1,0.0
100,1,205.82,240.14,103.42000000000002,57.81,1,1,0.0
100,4,556.8,247.88,263.4100000000001,134.32,1,1,1.0
100,5,514.14,261.95,98.19000000000005,52.50999999999999,1,1,0.0
101,1,205.84,240.04,103.41999999999999,57.81000000000003,1,1,0.0
101,4,539.8,249.71,263.4100000000001,134.30999999999997,1,1,1.0
101,5,507.11,261.25,98.19999999999993,52.50999999999999,1,1,0.0
102,1,205.85,239.93,103.42999999999998,57.81,1,1,0.0
102,4,536.16,252.74,263.4,134.32,1,1,1.0
102,5,494.47,260.54,98.18999999999994,52.51999999999998,1,1,0.0
103,1,205.87,239.82,103.43,57.81999999999999,1,1,0.0
103,4,522.19,256.38,263.40999999999997,134.32,1,1,1.0
103,5,477.61,260.54,98.19999999999993,52.51999999999998,1,1,0.0
104,1,205.89,239.72,103.42000000000002,57.809999999999974,1,1,0.0
104,4,512.48,262.46,263.4,134.31,1,1,1.0
104,5,462.15,260.54,98.20000000000005,52.51999999999998,1,1,0.0
104,6,945.93,222.5,14.07000000000005,43.629999999999995,1,1,1.0
105,1,205.9,239.61,103.42999999999998,57.81999999999999,1,1,0.0
105,4,484.5,256.99,285.30999999999995,148.31,1,1,1.0
105,5,445.29,261.25,98.19999999999999,52.50999999999999,1,1,0.0
105,6,945.93,215.85,14.07000000000005,50.28,1,1,1.0
106,1,205.92,239.51,103.43000000000004,57.81,1,1,0.0
106,4,474.79,261.85,285.31,148.31,1,1,1.0
106,5,436.29,266.41,95.59,45.70,1,1,0.0
106,7,685.16,249.72,75.80000000000007,35.17999999999998,1,1,0.0
106,6,945.93,209.2,14.07000000000005,56.93000000000001,1,1,1.0
107,1,205.94,239.4,103.42000000000002,57.82000000000002,1,1,0.0
107,4,472.0,279.1,279.6,131.65999999999997,1,1,1.0
107,5,421.95,265.13,112.26,48.10,1,1,0.0
107,7,668.9,249.53,75.80000000000007,35.17999999999998,1,1,0.0
107,6,938.7,209.2,21.299999999999955,60.69999999999999,1,1,1.0
108,1,205.95,239.3,103.43,57.81,1,1,0.0
108,4,454.14,266.1,285.31000000000006,148.31,1,1,1.0
108,5,409.18,266.43,113.03,48.61,1,1,0.0
108,7,655.72,248.2,75.80999999999995,35.18000000000001,1,1,0.0
108,6,933.9,209.2,26.100000000000023,64.69999999999999,1,1,1.0
109,1,205.97,239.19,103.42999999999998,57.81999999999999,1,1,0.0
109,4,438.36,265.5,295.03999999999996,151.33999999999997,1,1,1.0
109,5,394.13,263.03,120.91999999999996,55.210000000000036,1,1,0.0
109,7,643.43,246.6,75.80000000000007,35.17999999999998,1,1,0.0
109,6,930.7,209.2,29.299999999999955,65.5,1,1,1.0
110,1,205.99,239.09,103.42000000000002,57.809999999999974,1,1,0.0
110,4,426.21,267.93,295.05,151.32999999999998,1,1,1.0
110,5,382.95,262.36,120.92000000000002,55.19999999999999,1,1,0.0
110,7,632.59,251.87,75.79999999999995,35.18000000000001,1,1,0.0
110,6,920.0,209.2,40.0,67.40000000000003,1,1,1.0
111,1,206.0,238.98,103.43,57.82000000000002,1,1,0.0
111,4,411.64,264.9,300.46000000000004,154.97000000000003,1,1,1.0
111,5,363.98,263.71,120.90999999999997,55.200000000000045,1,1,0.0
111,7,613.27,254.2,86.00999999999999,37.24000000000001,1,1,0.0
111,6,912.8,209.2,47.200000000000045,70.60000000000002,1,1,1.0
112,1,206.02,238.88,103.42999999999998,57.81,1,1,0.0
112,4,389.2,265.51,310.15000000000003,161.09000000000003,1,1,1.0
112,5,350.77,264.05,120.91000000000003,55.19999999999999,1,1,0.0
112,7,592.48,252.7,97.12,40.19999999999999,1,1,0.0
112,6,909.17,209.2,50.83000000000004,69.80000000000001,1,1,1.0
113,1,206.04,238.77,103.41999999999999,57.819999999999965,1,1,0.0
113,4,371.6,268.54,319.25,161.65999999999997,1,1,1.0
113,5,330.78,265.74,120.91000000000003,55.20999999999998,1,1,0.0
113,7,580.18,255.63,97.12,40.19999999999999,1,1,0.0
113,6,905.53,209.2,54.47000000000003,69.0,1,1,1.0
114,1,206.05,238.67,103.43,57.81000000000003,1,1,0.0
114,4,344.3,274.01,335.00999999999993,168.99,1,1,1.0
114,5,317.57,266.08,120.91000000000003,55.210000000000036,1,1,0.0
114,7,567.3,256.21,97.12,40.200000000000045,1,1,0.0
114,6,901.9,209.2,58.10000000000002,68.19999999999999,1,1,1.0
115,1,206.07,238.56,103.43,57.81999999999999,1,1,0.0
115,4,335.19,276.44,335.02000000000004,168.99,1,1,1.0
115,5,303.0,266.76,120.91000000000003,55.19999999999999,1,1,0.0
115,7,552.07,256.51,97.12,40.19999999999999,1,1,0.0
115,6,903.5,209.2,56.5,67.10000000000002,1,1,1.0
116,1,206.09,238.46,103.41999999999999,57.809999999999974,1,1,0.0
116,4,309.1,272.8,343.5,178.09999999999997,1,1,1.0
116,5,287.41,268.12,120.91999999999996,55.19999999999999,1,1,0.0
116,7,542.41,257.09,97.12,40.200000000000045,1,1,0.0
116,6,893.4,209.2,66.60000000000002,68.19999999999999,1,1,1.0
117,1,206.1,238.35,103.42999999999998,57.82000000000002,1,1,0.0
117,4,282.4,273.4,364.13,189.0,1,1,1.0
117,5,275.9,268.79,120.91000000000003,55.20999999999998,1,1,0.0
117,7,529.23,255.04,97.13,40.20000000000002,1,1,0.0
117,6,889.1,209.2,70.89999999999998,67.0,1,1,1.0
118,1,206.12,238.25,103.43,57.81,1,1,0.0
118,4,269.04,275.83,364.12999999999994,189.0,1,1,1.0
118,5,264.51,268.29,120.91000000000003,55.19999999999999,1,1,0.0
118,7,506.98,254.7,108.22000000000003,41.420000000000016,1,1,0.0
118,6,884.9,209.2,75.10000000000002,69.80000000000001,1,1,1.0
119,1,206.14,238.14,103.42000000000002,57.81999999999999,1,1,0.0
119,4,254.47,281.9,364.13,189.0,1,1,1.0
119,5,251.1,271.58,120.91,55.19999999999999,1,1,0.0
119,7,491.17,258.21,108.21999999999997,41.420000000000016,1,1,0.0
119,6,883.3,209.47,75.10000000000002,69.79999999999998,1,1,1.0
120,1,206.15,238.04,103.42999999999998,57.81000000000003,1,1,0.0
120,4,229.0,281.9,379.88,193.3,1,1,1.0
120,5,232.62,272.59,120.92000000000002,55.200000000000045,1,1,0.0
120,7,479.75,258.8,108.22000000000003,41.420000000000016,1,1,0.0
120,6,875.0,210.27,79.13,70.83000000000001,1,1,1.0
121,1,206.17,237.93,103.43000000000004,57.81999999999999,1,1,0.0
121,4,219.29,283.12,379.88,193.29000000000002,1,1,1.0
121,5,216.68,274.11,120.90999999999997,55.19999999999999,1,1,0.0
121,7,462.18,260.26,108.21999999999997,41.420000000000016,1,1,0.0
121,6,869.7,210.54,80.14999999999998,72.16,1,1,1.0
122,1,206.19,237.83,103.42000000000002,57.809999999999974,1,1,0.0
122,4,177.4,281.9,404.77,202.40000000000003,1,1,1.0
122,5,207.06,273.85,120.92000000000002,55.20999999999998,1,1,0.0
122,7,450.47,262.31,108.22000000000003,41.420000000000016,1,1,0.0
122,6,861.2,210.54,88.64999999999998,72.46000000000001,1,1,1.0
123,1,206.2,237.72,103.43,57.82000000000002,1,1,0.0
123,4,169.51,283.12,404.76,202.39,1,1,1.0
123,5,185.85,278.48,120.91,55.20999999999998,1,1,0.0
123,7,431.73,265.83,108.22000000000003,41.420000000000016,1,1,0.0
123,6,854.79,211.6,88.66000000000008,72.47,1,1,1.0
124,1,194.01,240.06,103.43,57.81999999999999,1,1,0.0
124,4,159.18,299.51,404.77000000000004,202.40000000000003,1,1,1.0
124,5,165.46,278.48,120.91999999999999,55.20999999999998,1,1,0.0
124,7,422.95,264.37,108.20999999999998,41.40999999999997,1,1,0.0
124,6,848.39,211.87,88.64999999999998,72.45999999999998,1,1,1.0
125,1,194.54,240.08,103.43000000000004,57.809999999999974,1,1,0.0
125,4,154.93,299.51,404.77000000000004,202.40000000000003,1,1,1.0
125,5,141.16,278.46,137.38000000000002,57.19,1,1,0.0
125,7,405.38,263.5,119.62,45.50999999999999,1,1,0.0
125,6,843.05,210.54,88.65000000000009,72.46000000000001,1,1,1.0
126,1,195.08,240.1,103.41999999999999,57.81000000000003,1,1,0.0
126,4,143.4,300.12,404.76,202.39,1,1,1.0
126,5,124.31,276.11,137.37,57.19,1,1,0.0
126,7,387.52,264.96,119.62,45.51000000000005,1,1,0.0
126,6,839.04,213.21,88.65000000000009,72.46000000000001,1,1,1.0
127,1,195.61,240.12,103.43,57.81,1,1,0.0
127,4,119.11,303.15,404.77,202.40000000000003,1,1,1.0
127,5,108.23,278.85,137.38,57.19,1,1,1.0
127,7,372.29,267.02,119.62,45.5,1,1,0.0
127,6,835.3,211.34,88.66000000000008,72.46000000000001,1,1,1.0
128,1,196.15,240.14,103.41999999999999,57.81,1,1,0.0
128,4,96.64,301.94,404.77000000000004,202.39999999999998,1,1,1.0
128,5,89.42,280.42,137.38,57.19,1,1,1.0
128,7,358.82,267.31,119.63,45.5,1,1,0.0
128,6,830.23,212.41,88.64999999999998,72.46000000000001,1,1,1.0
129,1,196.68,240.15,103.43,57.82000000000002,1,1,0.0
129,4,92.39,309.83,404.77000000000004,202.40000000000003,1,1,1.0
129,5,71.0,285.12,137.38,57.19,1,1,1.0
129,7,347.7,269.65,119.62,45.51000000000005,1,1,0.0
129,6,823.29,212.41,88.65000000000009,72.46000000000001,1,1,1.0
130,1,197.22,240.17,103.41999999999999,57.81000000000003,1,1,0.0
130,4,89.97,312.26,404.76,202.39999999999998,1,1,1.0
130,5,56.49,287.08,137.38,57.19,1,1,1.0
130,7,335.11,270.53,119.62,45.5,1,1,0.0
130,6,817.95,216.41,88.64999999999998,72.47,1,1,1.0
131,1,197.75,240.19,103.43,57.81,1,1,0.0
131,4,77.22,311.05,404.76,202.39000000000004,1,1,1.0
131,5,39.25,291.0,137.38,57.19,1,1,1.0
131,7,315.2,270.8,125.19999999999999,49.329999999999984,1,1,0.0
131,6,809.14,216.41,88.64999999999998,72.47,1,1,1.0
132,1,198.29,240.21,103.41999999999999,57.809999999999974,1,1,0.0
132,4,62.65,313.48,404.76000000000005,202.39,1,1,1.0
132,5,21.22,293.35,137.37,57.19,1,1,1.0
132,7,301.43,273.44,125.20999999999998,49.329999999999984,1,1,0.0
132,6,804.34,217.48,88.64999999999998,72.46000000000001,1,1,1.0
133,1,198.82,240.22,103.43,57.82000000000002,1,1,0.0
133,4,48.68,317.73,404.77,202.39,1,1,1.0
133,5,1.62,296.49,137.37,57.19,1,1,1.0
133,7,286.5,271.1,125.19999999999999,52.549999999999955,1,1,0.0
133,6,799.0,216.94,88.64999999999998,72.47000000000003,1,1,1.0
134,1,199.36,240.24,103.41999999999996,57.81,1,1,0.0
134,4,14.68,321.37,404.77,202.39999999999998,1,1,1.0
134,5,0.0,295.44,123.78,57.19,1,1,1.0
134,7,266.88,273.44,125.19999999999999,52.55000000000001,1,1,0.0
134,6,793.66,216.41,88.64999999999998,72.47,1,1,1.0
135,1,199.89,240.26,103.43,57.81,1,1,0.0
135,4,0.0,322.59,389.09,202.39000000000004,1,1,1.0
135,5,0.0,298.59,108.56,57.19,1,1,1.0
135,7,255.17,273.44,125.20000000000002,52.55000000000001,1,1,0.0
135,6,784.31,216.9,92.8900000000001,73.84,1,1,1.0
135,8,670.62,516.18,153.40999999999997,23.82000000000005,1,1,1.0
136,1,200.42,240.28,103.43000000000004,57.809999999999974,1,1,0.0
136,4,0.0,323.8,374.52,202.40000000000003,1,1,1.0
136,5,0.0,298.59,87.57,57.19,1,1,1.0
136,7,235.0,275.49,132.49,52.55000000000001,1,1,0.0
136,6,779.24,215.3,92.88999999999999,73.83999999999997,1,1,1.0
136,8,670.93,506.6,153.67000000000007,33.09000000000003,1,1,1.0
137,1,200.96,240.3,103.41999999999999,57.81,1,1,0.0
137,4,0.0,326.23,357.52,202.39,1,1,1.0
137,5,0.0,299.12,72.87,57.18000000000001,1,1,1.0
137,7,215.68,275.78,132.48000000000002,52.55000000000001,1,1,0.0
137,6,769.9,216.37,96.35000000000002,72.23000000000002,1,1,1.0
137,8,678.35,506.57,180.26,33.43000000000001,1,1,1.0
138,1,201.49,240.31,103.43,57.81999999999999,1,1,0.0
138,4,0.0,325.62,339.3,202.39999999999998,1,1,1.0
138,5,0.0,301.21,59.75,57.19,1,1,1.0
138,7,203.38,277.83,132.49,52.55000000000001,1,1,0.0
138,6,762.43,217.97,96.35000000000002,72.22999999999999,1,1,1.0
138,8,700.28,489.58,159.54000000000008,50.420000000000016,1,1,1.0
139,1,202.03,240.33,103.41999999999999,57.809999999999974,1,1,0.0
139,4,0.0,325.62,318.66,202.39999999999998,1,1,1.0
139,5,0.0,300.69,45.59,57.19,1,1,1.0
139,7,183.17,278.13,132.49000000000004,52.55000000000001,1,1,0.0
139,6,756.02,217.97,96.35000000000002,72.22999999999999,1,1,1.0
139,8,709.85,492.05,159.53999999999996,47.94999999999999,1,1,1.0
140,1,202.56,240.35,103.43,57.81000000000003,1,1,0.0
140,4,0.0,328.66,291.94,202.38999999999993,1,1,1.0
140,7,167.07,282.81,132.49,52.55000000000001,1,1,0.0
140,6,749.08,219.84,96.34999999999991,72.22999999999999,1,1,1.0
140,8,722.82,493.29,159.54999999999995,46.70999999999998,1,1,1.0
141,1,203.1,240.37,103.41999999999999,57.81,1,1,0.0
141,4,0.0,329.27,277.37,202.39,1,1,1.0
141,7,154.19,281.64,132.48000000000002,52.55000000000001,1,1,0.0
141,6,739.2,220.64,100.62,72.46000000000004,1,1,1.0
141,8,722.82,476.5,167.67999999999995,63.5,1,1,1.0
142,1,203.63,240.38,103.43,57.81999999999999,1,1,0.0
142,4,0.0,331.69,257.94,202.40000000000003,1,1,1.0
142,7,133.4,285.15,136.9,52.55000000000001,1,1,0.0
142,6,733.59,221.17,100.63,72.46000000000001,1,1,1.0
142,8,735.74,476.5,167.67999999999995,63.5,1,1,1.0
143,1,204.17,240.4,103.41999999999999,57.809999999999974,1,1,0.0
143,4,0.0,332.3,231.23,202.40000000000003,1,1,1.0
143,7,115.54,283.7,141.26,54.0,1,1,0.0
143,6,725.58,220.9,100.63,72.47,1,1,1.0
143,8,744.83,463.6,179.16999999999996,76.39999999999998,1,1,1.0
144,1,204.7,240.42,103.43,57.81000000000003,1,1,0.0
144,4,0.0,331.09,222.73,202.39000000000004,1,1,1.0
144,7,100.6,285.46,141.27,54.0,1,1,0.0
144,6,719.44,221.44,100.61999999999989,72.45999999999998,1,1,1.0
144,8,749.86,462.88,179.15999999999997,76.39999999999998,1,1,1.0
145,1,205.23,240.44,103.43000000000004,57.81,1,1,0.0
145,7,83.7,283.42,143.26,58.77999999999997,1,1,0.0
145,6,705.0,220.37,107.86000000000001,73.23000000000002,1,1,1.0
145,8,754.88,462.16,179.16999999999996,76.39999999999992,1,1,1.0
146,1,205.77,240.46,103.41999999999999,57.809999999999974,1,1,1.0
146,7,61.0,286.13,143.27,58.78000000000003,1,1,1.0
146,6,698.33,223.04,107.84999999999991,73.22999999999999,1,1,1.0
146,8,769.23,454.96,182.51999999999998,84.56,1,1,1.0
147,1,205.77,240.46,103.41999999999999,57.809999999999974,1,1,1.0
147,7,48.13,284.44,143.26,58.78000000000003,1,1,1.0
147,6,690.32,222.77,107.8599999999999,73.22999999999999,1,1,1.0
147,8,783.1,454.46,153.28999999999996,80.28000000000003,1,1,1.0
148,1,205.77,240.46,103.41999999999999,57.809999999999974,1,1,1.0
148,7,30.18,284.78,143.26,58.77000000000004,1,1,1.0
148,6,681.24,224.11,107.86000000000001,73.22999999999996,1,1,1.0
148,8,794.58,449.24,145.64999999999998,82.63,1,1,1.0
149,1,205.77,240.46,103.41999999999999,57.809999999999974,1,1,1.0
149,7,11.88,288.5,143.26,58.77999999999997,1,1,1.0
149,6,675.1,226.51,107.86000000000001,73.23000000000002,1,1,1.0
149,8,804.15,441.11,146.14,91.23000000000002,1,1,1.0
150,1,205.77,240.46,103.41999999999999,57.809999999999974,1,1,1.0
150,7,0.0,291.55,139.56,58.77999999999997,1,1,1.0
150,6,667.9,223.3,107.85000000000002,73.24000000000001,1,1,1.0
150,8,815.64,438.24,144.36,91.24000000000001,1,1,1.0
151,1,205.77,240.46,103.41999999999999,57.809999999999974,1,1,1.0
151,7,0.0,290.88,129.39,58.76999999999998,1,1,1.0
151,6,656.2,222.5,110.75,74.69999999999999,1,1,1.0
151,8,818.51,432.49,141.49,91.24000000000001,1,1,1.0
152,1,205.77,240.46,103.41999999999999,57.809999999999974,1,1,1.0
152,7,0.0,292.23,119.91,58.76999999999998,1,1,1.0
152,6,648.26,223.84,112.57000000000005,79.05999999999997,1,1,1.0
152,8,827.12,425.8,132.88,91.23999999999995,1,1,1.0
153,1,205.77,240.46,103.41999999999999,57.809999999999974,1,1,1.0
153,7,0.0,293.25,94.84,58.76999999999998,1,1,1.0
153,6,638.99,225.38,112.56999999999994,79.06,1,1,1.0
153,8,837.17,422.93,122.83000000000004,91.23999999999995,1,1,1.0
154,1,205.77,240.46,103.41999999999999,57.809999999999974,1,1,1.0
154,7,0.0,291.55,70.11,58.77999999999997,1,1,1.0
154,6,630.96,225.69,112.56999999999994,79.06,1,1,1.0
154,8,837.17,417.19,122.83000000000004,91.23000000000002,1,1,1.0
155,1,205.77,240.46,103.41999999999999,57.809999999999974,1,1,1.0
155,7,0.0,296.97,52.15,58.77999999999997,1,1,1.0
155,6,616.4,225.69,117.25,80.00999999999999,1,1,1.0
155,8,852.0,415.75,108.0,91.24000000000001,1,1,1.0
156,1,205.77,240.46,103.41999999999999,57.809999999999974,1,1,1.0
156,7,0.0,298.33,39.62,58.77000000000004,1,1,1.0
156,6,611.46,224.77,117.24000000000001,79.99999999999997,1,1,1.0
156,8,860.61,413.84,99.38999999999999,91.24000000000001,1,1,1.0
157,1,205.77,240.46,103.41999999999999,57.809999999999974,1,1,1.0
157,7,0.0,298.33,25.73,58.77000000000004,1,1,1.0
157,6,601.26,225.38,117.25,80.00999999999999,1,1,1.0
157,8,874.96,407.62,85.03999999999996,91.23000000000002,1,1,1.0
158,1,205.77,240.46,103.41999999999999,57.809999999999974,1,1,1.0
158,6,591.07,226.62,117.2399999999999,80.00999999999999,1,1,1.0
158,8,877.36,398.0,82.63999999999999,97.02999999999997,1,1,1.0
159,1,205.77,240.46,103.41999999999999,57.809999999999974,1,1,1.0
159,6,581.8,226.93,117.25,80.0,1,1,1.0
159,8,884.05,393.21,75.95000000000005,97.03000000000003,1,1,1.0
160,1,205.77,240.46,103.41999999999999,57.809999999999974,1,1,1.0
160,6,574.39,228.16,117.24000000000001,80.01000000000002,1,1,1.0
160,8,890.27,388.43,69.73000000000002,97.02999999999997,1,1,1.0
161,1,205.77,240.46,103.41999999999999,57.809999999999974,1,1,1.0
161,6,559.3,229.71,122.1400000000001,76.89000000000001,1,1,1.0
161,8,898.41,385.56,61.59000000000003,97.02999999999997,1,1,1.0
162,1,205.77,240.46,103.41999999999999,57.809999999999974,1,1,1.0
162,6,550.03,229.4,122.14999999999998,76.89000000000001,1,1,0.0
162,8,902.71,379.82,57.289999999999964,97.01999999999998,1,1,1.0
163,1,205.77,240.46,103.41999999999999,57.809999999999974,1,1,1.0
163,6,541.07,231.56,122.14999999999998,76.88999999999999,1,1,0.0
163,8,911.8,376.47,48.200000000000045,97.01999999999998,1,1,1.0
164,1,205.77,240.46,103.41999999999999,57.809999999999974,1,1,1.0
164,6,524.1,231.56,128.0,76.63,1,1,0.0
164,8,916.11,371.68,43.889999999999986,97.02999999999997,1,1,1.0
165,1,205.77,240.46,103.41999999999999,57.809999999999974,1,1,1.0
165,6,514.53,232.18,127.99000000000001,76.63,1,1,0.0
165,8,922.81,369.29,37.190000000000055,97.02999999999997,1,1,1.0
166,1,205.77,240.46,103.41999999999999,57.809999999999974,1,1,1.0
166,6,505.57,231.56,128.00000000000006,76.63,1,1,0.0
166,8,926.63,363.07,33.370000000000005,97.03000000000003,1,1,1.0
167,1,205.77,240.46,103.41999999999999,57.809999999999974,1,1,1.0
167,6,493.83,231.87,128.00000000000006,76.63,1,1,0.0
167,8,930.94,360.68,29.059999999999945,97.02999999999997,1,1,1.0
168,1,205.77,240.46,103.41999999999999,57.809999999999974,1,1,1.0
168,6,485.18,234.34,127.99999999999994,76.63000000000002,1,1,0.0
168,8,937.64,360.21,22.360000000000014,97.02000000000004,1,1,1.0
169,1,205.77,240.46,103.41999999999999,57.809999999999974,1,1,1.0
169,6,474.99,233.1,128.0,76.63000000000002,1,1,0.0
169,8,940.51,354.46,19.49000000000001,97.03000000000003,1,1,1.0
170,1,205.77,240.46,103.41999999999999,57.809999999999974,1,1,1.0
170,6,455.2,231.25,136.67000000000002,81.25,1,1,0.0
170,8,944.34,351.12,15.659999999999968,97.01999999999998,1,1,1.0
171,1,205.77,240.46,103.41999999999999,57.809999999999974,1,1,1.0
171,6,445.93,233.1,136.67000000000002,81.25000000000003,1,1,0.0
172,1,205.77,240.46,103.41999999999999,57.809999999999974,1,1,1.0
172,6,433.27,233.1,136.65999999999997,81.25000000000003,1,1,0.0
173,1,205.77,240.46,103.41999999999999,57.809999999999974,1,1,1.0
173,6,422.46,233.72,136.66000000000003,81.25000000000003,1,1,0.0
174,1,205.77,240.46,103.41999999999999,57.809999999999974,1,1,1.0
174,6,410.41,236.5,136.67000000000002,81.25,1,1,0.0
175,1,205.77,240.46,103.41999999999999,57.809999999999974,1,1,1.0
175,6,402.69,236.81,136.66000000000003,81.25,1,1,1.0
176,1,205.77,240.46,103.41999999999999,57.809999999999974,1,1,1.0
176,6,392.19,237.43,136.66000000000003,81.25,1,1,1.0
177,1,205.77,240.46,103.41999999999999,57.809999999999974,1,1,1.0
177,6,378.29,236.53,141.3,83.38000000000002,1,1,0.0
178,1,205.77,240.46,103.41999999999999,57.809999999999974,1,1,1.0
178,6,367.48,236.53,141.29999999999995,83.38000000000002,1,1,0.0
179,1,205.77,240.46,103.41999999999999,57.809999999999974,1,1,1.0
179,6,355.74,237.14,141.3,83.38999999999999,1,1,0.0
180,1,205.77,240.46,103.41999999999999,57.809999999999974,1,1,1.0
180,6,342.46,238.38,141.3,83.38999999999999,1,1,0.0
181,1,205.77,240.46,103.41999999999999,57.809999999999974,1,1,1.0
181,6,331.38,237.31,141.3,83.38999999999999,1,1,0.0
182,1,205.77,240.46,103.41999999999999,57.809999999999974,1,1,1.0
182,6,315.3,235.9,148.07,88.01000000000002,1,1,0.0
183,1,205.77,240.46,103.41999999999999,57.809999999999974,1,1,1.0
183,6,303.14,236.26,148.08000000000004,88.00999999999999,1,1,0.0
184,1,205.77,240.46,103.41999999999999,57.809999999999974,1,1,0.0
184,6,296.71,238.4,148.07,88.02000000000001,1,1,0.0
185,1,205.77,240.46,103.41999999999999,57.809999999999974,1,1,0.0
185,6,285.63,239.12,148.07999999999998,88.00999999999999,1,1,0.0
186,1,205.77,240.46,103.41999999999999,57.809999999999974,1,1,0.0
186,6,274.91,237.33,148.07,88.00999999999996,1,1,0.0
187,1,205.77,240.46,103.41999999999999,57.809999999999974,1,1,0.0
187,6,263.12,236.97,148.07,88.02000000000001,1,1,0.0
188,1,205.77,240.46,103.41999999999999,57.809999999999974,1,1,0.0
188,6,251.68,236.62,148.07999999999998,88.00999999999999,1,1,0.0
189,1,205.77,240.46,103.41999999999999,57.809999999999974,1,1,0.0
189,6,241.68,233.76,148.07,88.00999999999999,1,1,0.0
190,1,205.77,240.46,103.41999999999999,57.809999999999974,1,1,0.0
190,6,226.31,242.69,148.07,88.01999999999998,1,1,0.0
