1,1,50.3,56.31,126.78000000000002,66.3,1,1,0.0
1,2,0.0,0.0,24.5,45.89,1,1,1.0
1,3,94.93,0.0,225.07,71.4,1,1,1.0
1,4,310.17,0.0,405.84,117.36,1,1,1.0
2,1,30.35,53.36,126.78,66.31,1,1,0.0
2,2,0.0,0.0,17.24,45.89,1,1,1.0
2,3,94.93,0.0,225.07,71.4,1,1,1.0
2,4,309.8,0.06,405.84,117.36,1,1,1.0
3,1,17.3,49.53,126.78000000000002,66.3,1,1,0.0
3,3,94.93,0.0,225.07,71.4,1,1,1.0
3,4,309.42,0.13,405.84,117.36,1,1,1.0
4,1,0.0,49.53,125.06,66.3,1,1,0.0
4,3,94.93,0.0,225.07,71.4,1,1,1.0
4,4,309.04,0.19,405.84,117.36,1,1,1.0
5,1,0.0,42.4,97.14,66.30000000000001,1,1,0.0
5,3,94.93,0.0,225.07,71.4,1,1,1.0
5,4,308.66,0.25,405.84,117.36,1,1,1.0
6,1,0.0,40.02,80.49,66.29999999999998,1,1,0.0
6,3,94.93,0.0,225.07,71.4,1,1,1.0
6,4,308.28,0.32,405.84000000000003,117.36000000000001,1,1,1.0
7,1,0.0,36.45,68.91,66.31,1,1,1.0
7,3,94.93,0.0,225.07,71.4,1,1,1.0
7,4,307.9,0.38,405.84000000000003,117.36,1,1,1.0
8,1,0.0,32.89,51.1,66.31,1,1,0.0
8,3,94.93,0.0,225.07,71.4,1,1,1.0
8,4,307.52,0.44,405.84000000000003,117.36,1,1,1.0
9,1,0.0,30.22,35.96,66.31,1,1,0.0
9,3,94.93,0.0,225.07,71.4,1,1,1.0
9,4,307.14,0.5,405.84000000000003,117.36,1,1,1.0
10,1,0.0,32.89,22.6,66.31,1,1,1.0
10,5,911.91,161.11,48.09000000000003,113.11000000000001,1,1,1.0
10,3,94.93,0.0,225.07,71.4,1,1,1.0
10,4,306.76,0.57,405.84000000000003,117.36000000000001,1,1,1.0
11,5,865.6,161.11,94.39999999999998,113.11000000000001,1,1,1.0
11,3,94.93,0.0,225.07,71.4,1,1,1.0
11,4,306.38,0.63,405.84000000000003,117.36,1,1,1.0
12,5,819.3,161.11,140.70000000000005,113.11000000000001,1,1,1.0
12,3,94.93,0.0,225.07,71.4,1,1,1.0
12,4,306.0,0.69,405.84000000000003,117.36,1,1,1.0
13,5,773.0,153.09,187.0,113.10999999999999,1,1,1.0
13,3,94.93,0.0,225.07,71.4,1,1,1.0
13,4,305.63,0.76,405.84000000000003,117.36,1,1,1.0
14,5,737.35,148.64,222.64999999999998,127.36000000000001,1,1,1.0
14,6,0.0,164.67,34.64,66.80000000000001,1,1,1.0
14,3,94.93,0.0,225.07,71.4,1,1,1.0
14,4,305.25,0.82,405.84000000000003,117.36000000000001,1,1,1.0
15,5,683.07,137.06,276.92999999999995,127.36000000000001,1,1,1.0
15,6,0.0,164.67,39.1,77.53,1,1,1.0
15,3,94.93,0.0,225.07,71.4,1,1,1.0
15,4,305.25,0.82,405.84000000000003,117.36000000000001,1,1,1.0
16,5,643.9,128.16,294.72,127.36000000000001,1,1,1.0
16,6,0.0,167.34,56.9,86.46000000000001,1,1,1.0
16,3,94.93,0.0,225.07,71.4,1,1,1.0
16,4,305.25,0.82,405.84000000000003,117.36000000000001,1,1,1.0
17,5,611.8,116.58,281.4000000000001,127.36,1,1,1.0
17,6,0.0,167.34,78.3,99.85999999999999,1,1,1.0
17,3,94.93,0.0,225.07,71.4,1,1,1.0
17,4,305.25,0.82,405.84000000000003,117.36000000000001,1,1,1.0
18,5,573.49,110.34,268.95000000000005,127.35999999999999,1,1,1.0
18,6,0.0,167.34,97.0,120.35999999999999,1,1,1.0
18,3,94.93,0.0,225.07,71.4,1,1,1.0
18,4,305.25,0.82,405.84000000000003,117.36000000000001,1,1,1.0
19,5,545.9,105.0,255.60000000000002,127.36000000000001,1,1,1.0
19,6,0.0,167.4,121.9,131.87999999999997,1,1,1.0
19,3,94.93,0.0,225.07,71.4,1,1,1.0
19,4,305.25,0.82,405.84000000000003,117.36000000000001,1,1,1.0
20,5,514.73,100.55,243.12,117.56000000000002,1,1,1.0
20,6,0.89,175.42,140.60000000000002,145.28,1,1,1.0
20,3,94.93,0.0,225.07,71.4,1,1,1.0
20,4,305.25,0.82,405.84000000000003,117.36000000000001,1,1,1.0
21,5,483.56,105.03,228.86999999999995,99.72,1,1,1.0
21,6,0.89,180.8,172.71,139.89999999999998,1,1,1.0
21,3,94.93,0.0,225.07,71.4,1,1,1.0
21,4,305.25,0.82,405.84000000000003,117.36000000000001,1,1,0.0
22,5,449.71,103.25,228.87000000000006,99.72,1,1,1.0
22,6,0.89,189.7,200.31,148.8,1,1,1.0
22,3,94.93,0.0,225.07,71.4,1,1,1.0
22,4,305.25,0.82,405.84000000000003,117.36000000000001,1,1,0.0
23,5,417.65,96.12,228.87,99.72,1,1,1.0
23,6,0.89,202.2,231.41000000000003,155.0,1,1,1.0
23,3,94.93,0.0,225.07,71.4,1,1,1.0
23,4,305.25,0.82,405.84000000000003,117.36000000000001,1,1,0.0
24,5,397.2,88.11,212.8,99.72000000000001,1,1,1.0
24,6,34.73,210.22,230.57000000000002,163.88000000000002,1,1,1.0
24,3,94.93,0.0,225.07,71.4,1,1,1.0
24,4,305.25,0.82,405.84000000000003,117.36000000000001,1,1,0.0
25,5,366.03,80.99,212.80000000000007,99.71,1,1,1.0
25,6,58.78,220.9,243.02,170.99999999999997,1,1,1.0
25,3,94.93,0.0,225.07,71.4,1,1,1.0
25,4,305.25,0.82,405.84000000000003,117.36000000000001,1,1,0.0
26,5,346.43,74.75,196.78000000000003,99.72,1,1,1.0
26,6,83.72,223.58,263.48,195.02,1,1,1.0
26,3,94.93,0.0,225.07,71.4,1,1,1.0
26,4,305.25,0.82,405.84000000000003,117.36000000000001,1,1,0.0
27,5,314.37,64.06,196.77999999999997,99.72,1,1,1.0
27,6,110.44,232.48,278.66,203.92,1,1,1.0
27,3,94.93,0.0,225.07,71.4,1,1,1.0
27,4,305.25,0.82,405.84000000000003,117.36000000000001,1,1,0.0
28,5,299.18,72.97,183.46999999999997,90.77000000000001,1,1,1.0
28,6,139.83,242.28,300.97,213.72,1,1,1.0
28,3,94.93,0.0,225.07,71.4,1,1,1.0
28,4,305.25,0.82,405.84000000000003,117.36000000000001,1,1,0.0
29,5,281.37,68.52,183.45999999999998,90.77,1,1,1.0
29,6,170.11,247.62,327.69,242.18,1,1,1.0
29,7,914.58,145.08,45.41999999999996,113.10999999999999,1,1,1.0
29,3,94.93,0.0,225.07,71.4,1,1,1.0
29,4,305.25,0.82,405.84000000000003,117.36000000000001,1,1,0.0
30,5,266.2,58.72,169.24,85.38,1,1,1.0
30,6,208.41,269.0,351.69000000000005,258.20000000000005,1,1,1.0
30,7,858.5,156.7,101.5,101.49000000000001,1,1,1.0
30,3,94.93,0.0,225.07,71.4,1,1,1.0
30,4,305.25,0.82,405.84000000000003,117.36000000000001,1,1,0.0
31,5,243.95,63.17,162.11,79.16000000000001,1,1,1.0
31,6,245.81,300.16,389.09,237.73999999999995,1,1,1.0
31,7,816.67,140.71,143.33000000000004,116.59,1,1,1.0
31,3,94.93,0.0,225.07,71.4,1,1,1.0
31,4,305.25,0.82,405.84000000000003,117.36000000000001,1,1,0.0
32,5,225.2,62.28,159.48000000000002,76.52000000000001,1,1,1.0
32,6,293.91,325.1,400.69,214.89999999999998,1,1,1.0
32,7,767.7,135.4,192.29999999999995,121.9,1,1,1.0
32,3,94.93,0.0,225.07,71.4,1,1,1.0
32,4,305.25,0.82,405.84000000000003,117.36000000000001,1,1,0.0
33,5,207.3,54.27,160.45999999999998,74.72999999999999,1,1,1.0
33,6,344.67,345.6,437.22999999999996,194.39999999999998,1,1,1.0
33,7,725.0,118.5,235.0,139.69,1,1,1.0
33,3,94.93,0.0,225.07,71.4,1,1,1.0
33,4,305.25,0.82,405.84000000000003,117.36000000000001,1,1,1.0
34,5,197.5,54.27,143.54000000000002,72.03,1,1,1.0
34,6,396.3,367.9,463.99999999999994,172.10000000000002,1,1,1.0
34,7,685.81,112.3,254.59000000000003,126.29,1,1,1.0
34,3,94.93,0.0,225.07,71.4,1,1,0.0
34,4,305.25,0.82,405.84000000000003,117.36000000000001,1,1,1.0
35,5,178.8,48.03,143.53999999999996,72.03999999999999,1,1,1.0
35,6,461.32,368.79,464.00000000000006,171.20999999999998,1,1,1.0
35,7,642.17,106.1,244.83000000000004,120.92000000000002,1,1,1.0
35,3,94.93,0.0,225.07,71.4,1,1,0.0
35,4,305.25,0.82,405.84000000000003,117.36000000000001,1,1,1.0
36,5,167.25,50.71,138.16000000000003,70.28999999999999,1,1,1.0
36,6,537.01,391.95,405.65,148.05,1,1,1.0
36,7,609.22,97.2,236.77999999999997,120.91000000000001,1,1,1.0
36,3,94.93,0.0,225.07,71.4,1,1,0.0
36,4,305.25,0.82,405.84000000000003,117.36000000000001,1,1,1.0
37,5,150.32,49.81,138.17000000000002,70.3,1,1,1.0
37,6,612.7,415.1,347.29999999999995,124.89999999999998,1,1,1.0
37,7,570.03,97.2,235.87,106.66000000000001,1,1,1.0
37,3,94.93,0.0,225.07,71.4,1,1,0.0
37,4,305.25,0.82,405.84000000000003,117.36000000000001,1,1,1.0
38,5,142.31,46.25,127.49000000000001,63.150000000000006,1,1,1.0
38,6,707.1,459.6,252.89999999999998,80.39999999999998,1,1,1.0
38,7,540.64,90.08,218.96000000000004,104.92,1,1,1.0
38,3,94.93,0.0,225.07,71.4,1,1,0.0
38,4,305.25,0.82,405.84000000000003,117.36000000000001,1,1,0.0
39,5,126.28,44.47,127.49000000000001,63.150000000000006,1,1,1.0
39,7,509.47,82.95,214.52999999999997,106.74999999999999,1,1,1.0
39,3,94.93,0.0,225.07,71.4,1,1,0.0
39,4,305.3,0.82,405.84,117.36000000000001,1,1,0.0
40,5,109.36,42.69,127.49,63.150000000000006,1,1,1.0
40,7,480.97,79.39,201.13,97.80999999999999,1,1,1.0
40,3,94.93,0.0,225.07,71.4,1,1,0.0
40,4,305.36,0.82,405.84000000000003,117.36000000000001,1,1,0.0
41,5,98.67,39.13,123.02999999999999,60.46999999999999,1,1,1.0
41,7,451.58,82.95,197.62000000000006,88.95,1,1,1.0
41,3,94.93,0.0,225.07,71.4,1,1,0.0
41,4,305.42,0.82,405.84,117.36000000000001,1,1,0.0
42,5,91.54,35.56,111.46,57.84,1,1,1.0
42,7,419.52,80.28,194.98000000000002,80.02000000000001,1,1,1.0
42,3,94.93,0.0,225.07,71.4,1,1,0.0
42,4,305.48,0.82,405.84000000000003,117.36000000000001,1,1,0.0
43,5,72.84,32.89,114.16,57.81,1,1,1.0
43,7,391.91,74.04,182.48999999999995,83.55999999999999,1,1,1.0
43,3,94.93,0.0,225.07,71.4,1,1,0.0
43,4,305.54,0.82,405.84,117.36000000000001,1,1,0.0
44,5,63.94,30.22,109.66,57.78,1,1,1.0
44,7,372.32,66.03,170.88000000000005,81.77000000000001,1,1,1.0
44,3,94.93,0.0,225.07,71.4,1,1,0.0
44,4,305.6,0.82,405.84000000000003,117.36000000000001,1,1,0.0
45,5,51.47,32.89,109.66,57.78,1,1,1.0
45,7,345.6,59.8,170.88,81.77,1,1,1.0
45,3,94.93,0.0,225.07,71.4,1,1,0.0
45,4,305.66,0.82,405.84,117.36000000000001,1,1,0.0
46,5,44.34,28.44,109.66999999999999,57.78,1,1,1.0
46,7,319.77,56.23,170.88,81.77000000000001,1,1,1.0
46,3,94.93,0.0,225.07,71.4,1,1,0.0
46,4,305.72,0.82,405.8399999999999,117.36000000000001,1,1,0.0
47,5,27.42,28.44,109.66000000000001,57.78,1,1,1.0
47,7,302.8,54.46,159.36,81.75999999999999,1,1,1.0
47,3,94.93,0.0,225.07,71.4,1,1,1.0
47,4,305.77,0.82,405.84000000000003,117.36000000000001,1,1,0.0
48,5,21.18,28.44,109.66999999999999,57.78,1,1,1.0
48,7,282.3,47.33,152.2,81.77,1,1,1.0
48,3,94.93,0.0,225.07,71.4,1,1,1.0
48,4,305.83,0.82,405.84,117.36000000000001,1,1,0.0
49,5,6.93,23.1,109.66999999999999,57.779999999999994,1,1,1.0
49,7,264.44,50.89,145.12,72.84,1,1,1.0
49,3,94.93,0.0,225.07,71.4,1,1,1.0
49,4,305.89,0.82,405.84000000000003,117.36000000000001,1,1,0.0
50,5,0.0,23.1,105.91,57.779999999999994,1,1,1.0
50,7,243.06,47.33,145.13,72.83,1,1,1.0
50,3,94.93,0.0,225.07,71.4,1,1,1.0
50,4,305.95,0.82,405.84,117.36000000000001,1,1,0.0
51,5,0.0,21.31,103.24,57.78,1,1,1.0
51,7,223.5,44.66,143.31,72.83,1,1,1.0
51,3,94.93,0.0,225.07,71.4,1,1,1.0
51,4,306.01,0.82,405.84000000000003,117.36000000000001,1,1,0.0
52,5,0.0,16.86,85.43,57.78,1,1,1.0
52,7,204.8,38.42,137.96999999999997,72.84,1,1,1.0
52,3,94.93,0.0,225.07,71.4,1,1,1.0
52,4,306.07,0.82,405.84,117.36000000000001,1,1,1.0
53,5,0.0,15.97,75.63,57.78,1,1,1.0
53,7,180.75,35.75,137.97000000000003,72.84,1,1,1.0
53,3,94.93,0.0,225.07,71.4,1,1,1.0
53,4,306.07,0.82,405.84,117.36000000000001,1,1,1.0
54,5,0.0,14.19,56.04,57.78,1,1,1.0
54,7,169.18,36.64,137.95999999999998,72.84,1,1,1.0
54,3,94.93,0.0,225.07,71.4,1,1,1.0
54,4,306.07,0.82,405.84,117.36000000000001,1,1,1.0
55,5,0.0,12.41,52.92,57.78,1,1,1.0
55,7,162.05,37.53,125.5,66.62,1,1,1.0
55,3,94.93,0.0,225.07,71.4,1,1,1.0
55,4,306.07,0.82,405.84,117.36000000000001,1,1,1.0
56,5,0.0,10.63,49.8,57.779999999999994,1,1,1.0
56,7,148.69,34.86,125.5,66.62,1,1,1.0
56,3,94.93,0.0,225.07,71.4,1,1,1.0
56,4,306.07,0.82,405.84,117.36000000000001,1,1,1.0
57,5,0.0,11.52,47.13,57.78,1,1,1.0
57,7,128.21,28.63,125.5,66.62,1,1,1.0
57,3,94.93,0.0,225.07,71.4,1,1,1.0
57,4,306.07,0.82,405.84,117.36000000000001,1,1,1.0
58,5,0.0,8.85,39.12,57.779999999999994,1,1,1.0
58,7,115.74,33.08,123.75000000000001,61.269999999999996,1,1,1.0
58,3,94.93,0.0,225.07,71.4,1,1,1.0
58,4,306.07,0.82,405.84,117.36000000000001,1,1,1.0
59,5,0.0,8.85,33.77,57.779999999999994,1,1,1.0
59,7,108.6,31.3,109.52000000000001,56.8,1,1,1.0
59,3,94.93,0.0,225.07,71.4,1,1,1.0
59,4,306.07,0.82,405.84,117.36000000000001,1,1,1.0
60,7,96.13,31.3,109.52000000000001,56.8,1,1,1.0
60,3,94.93,0.0,225.07,71.4,1,1,1.0
60,4,306.07,0.82,405.84,117.36000000000001,1,1,1.0
